 item 		||		 fi(frequency) 		||		    Rf 		||		 Fi(cumulative freq.) 


   22		 || 		     4		 || 		0.00046552964577426046		 || 		    22
   46		 || 		     2		 || 		0.00097338016843709		 || 		    68
   47		 || 		     1		 || 		0.0009945406068813745		 || 		   115
   51		 || 		     3		 || 		0.0010791823606585127		 || 		   166
   71		 || 		     1		 || 		0.0015023911295442042		 || 		   237
   77		 || 		     1		 || 		0.0016293537602099116		 || 		   314
   79		 || 		     2		 || 		0.0016716746370984807		 || 		   393
   80		 || 		     1		 || 		0.0016928350755427651		 || 		   473
   91		 || 		     1		 || 		0.0019255998984298954		 || 		   564
   97		 || 		     1		 || 		0.002052562529095603		 || 		   661
   99		 || 		     1		 || 		0.002094883405984172		 || 		   760
  100		 || 		     1		 || 		0.0021160438444284566		 || 		   860
  103		 || 		     1		 || 		0.0021795251597613104		 || 		   963
  119		 || 		     2		 || 		0.0025180921748698634		 || 		  1082
  146		 || 		     1		 || 		0.0030894240128655466		 || 		  1228
  147		 || 		     1		 || 		0.003110584451309831		 || 		  1375
  154		 || 		     1		 || 		0.003258707520419823		 || 		  1529
  162		 || 		     2		 || 		0.0034279910279740996		 || 		  1691
  168		 || 		     1		 || 		0.003554953658639807		 || 		  1859
  193		 || 		     1		 || 		0.004083964619746921		 || 		  2052
  198		 || 		     1		 || 		0.004189766811968344		 || 		  2250
  225		 || 		     1		 || 		0.004761098649964027		 || 		  2475
  250		 || 		     1		 || 		0.005290109611071141		 || 		  2725
  251		 || 		     1		 || 		0.005311270049515426		 || 		  2976
  255		 || 		     1		 || 		0.005395911803292564		 || 		  3231
  269		 || 		     1		 || 		0.005692157941512548		 || 		  3500
  288		 || 		     1		 || 		0.006094206271953955		 || 		  3788
  317		 || 		     1		 || 		0.006707858986838207		 || 		  4105
  354		 || 		     1		 || 		0.007490795209276736		 || 		  4459
  355		 || 		     1		 || 		0.007511955647721021		 || 		  4814
  359		 || 		     1		 || 		0.0075965974014981594		 || 		  5173
  361		 || 		     1		 || 		0.007638918278386728		 || 		  5534
  362		 || 		     1		 || 		0.007660078716831013		 || 		  5896
  382		 || 		     1		 || 		0.008083287485716704		 || 		  6278
  384		 || 		     1		 || 		0.008125608362605273		 || 		  6662
  414		 || 		     1		 || 		0.00876042151593381		 || 		  7076
  429		 || 		     1		 || 		0.009077828092598078		 || 		  7505
  447		 || 		     1		 || 		0.0094587159845952		 || 		  7952
  450		 || 		     1		 || 		0.009522197299928054		 || 		  8402
  498		 || 		     1		 || 		0.010537898345253713		 || 		  8900
  503		 || 		     1		 || 		0.010643700537475136		 || 		  9403
  529		 || 		     1		 || 		0.011193871937026536		 || 		  9932
  535		 || 		     1		 || 		0.011320834567692242		 || 		 10467
  548		 || 		     1		 || 		0.011595920267467943		 || 		 11015
  553		 || 		     1		 || 		0.011701722459689364		 || 		 11568
  566		 || 		     1		 || 		0.011976808159465065		 || 		 12134
  569		 || 		     1		 || 		0.012040289474797917		 || 		 12703
  571		 || 		     1		 || 		0.012082610351686488		 || 		 13274
  587		 || 		     1		 || 		0.01242117736679504		 || 		 13861
  589		 || 		     1		 || 		0.01246349824368361		 || 		 14450
  607		 || 		     2		 || 		0.012844386135680732		 || 		 15057
  612		 || 		     2		 || 		0.012950188327902155		 || 		 15669
  613		 || 		     1		 || 		0.012971348766346438		 || 		 16282
  615		 || 		     1		 || 		0.013013669643235007		 || 		 16897
  636		 || 		     1		 || 		0.013458038850564983		 || 		 17533
  642		 || 		     1		 || 		0.013585001481230692		 || 		 18175
  657		 || 		     1		 || 		0.01390240805789496		 || 		 18832
  660		 || 		     1		 || 		0.013965889373227814		 || 		 19492
  676		 || 		     1		 || 		0.014304456388336367		 || 		 20168
  685		 || 		     1		 || 		0.014494900334334928		 || 		 20853
  687		 || 		     1		 || 		0.014537221211223497		 || 		 21540
  688		 || 		     1		 || 		0.014558381649667782		 || 		 22228
  694		 || 		     1		 || 		0.014685344280333489		 || 		 22922
  702		 || 		     1		 || 		0.014854627787887764		 || 		 23624
  707		 || 		     1		 || 		0.014960429980109187		 || 		 24331
  736		 || 		     1		 || 		0.01557408269499344		 || 		 25067
  738		 || 		     1		 || 		0.01561640357188201		 || 		 25805
  763		 || 		     1		 || 		0.016145414532989122		 || 		 26568
  768		 || 		     1		 || 		0.016251216725210547		 || 		 27336
  775		 || 		     1		 || 		0.01639933979432054		 || 		 28111
  777		 || 		     1		 || 		0.016441660671209106		 || 		 28888
  782		 || 		     1		 || 		0.01654746286343053		 || 		 29670
  784		 || 		     1		 || 		0.016589783740319098		 || 		 30454
  813		 || 		     1		 || 		0.017203436455203353		 || 		 31267
  817		 || 		     1		 || 		0.01728807820898049		 || 		 32084
  820		 || 		     1		 || 		0.017351559524313345		 || 		 32904
  821		 || 		     1		 || 		0.01737271996275763		 || 		 33725
  824		 || 		     1		 || 		0.017436201278090483		 || 		 34549
  832		 || 		     1		 || 		0.01760548478564476		 || 		 35381
  834		 || 		     1		 || 		0.01764780566253333		 || 		 36215
  858		 || 		     1		 || 		0.018155656185196156		 || 		 37073
  878		 || 		     1		 || 		0.01857886495408185		 || 		 37951
  879		 || 		     1		 || 		0.018600025392526132		 || 		 38830
  880		 || 		     1		 || 		0.01862118583097042		 || 		 39710
  923		 || 		     1		 || 		0.019531084684074655		 || 		 40633
  928		 || 		     1		 || 		0.019636886876296077		 || 		 41561
  945		 || 		     1		 || 		0.019996614329848915		 || 		 42506
  976		 || 		     1		 || 		0.020652587921621737		 || 		 43482
  984		 || 		     1		 || 		0.020821871429176013		 || 		 44466
  999		 || 		     1		 || 		0.02113927800584028		 || 		 45465


Median:529
Mid square:299.14013772812234
Moda: (4, 22)
Variance: 89484.822